116
136
87
39
151
81
10
14
63
160
84
35
69
77
64
157
75
91
170
92
86
111
13
93
165
53
144
118
143
89
72
24
121
90
108
1
15
163
103
66
96
76
115
101
16
48
80
155
159
71
11
41
85
73
104
139
82
97
47
100
124
52
158
114
2
134
130
99
42
129
137
68
102
27
28
55
4
23
117
34
133
32
166
110
94
168
78
37
164
141
49
51
153
25
131
20
88
33
29
126
6
142
44
60
112
9
106
58
21
26
70
123
145
127
67
119
167
147
18
43
161
169
17
61
59
74
12
56
125
128
5
140
150
98
36
54
65
135
156
109
105
7
138
154
8
40
46
83
152
122
30
50
107
57
45
31
162
113
22
62
19
132
3
120
79
95
149
146
148
38
91
146
141
38
112
52
14
90
147
160
154
19
102
107
80
101
161
7
109
71
23
11
100
69
143
66
83
15
78
9
156
1
59
140
136
60
131
82
124
44
17
116
127
5
56
162
92
97
84
149
18
129
21
108
150
72
12
99
31
159
122
25
128
41
37
35
51
48
3
55
36
148
113
46
86
96
163
115
125
33
70
103
34
45
137
121
68
54
166
63
22
142
87
98
167
93
30
75
24
144
6
89
105
119
135
74
133
130
152
77
57
16
27
138
111
85
10
58
170
117
67
165
114
29
110
104
81
76
169
79
88
157
64
40
123
32
62
126
164
26
13
49
47
95
2
65
151
145
94
42
155
50
153
158
28
120
168
132
8
118
134
43
73
53
139
20
39
106
4
61
18
68
53
34
11
44
137
38
75
8
28
97
107
144
78
150
24
80
122
121
77
50
126
149
143
131
169
93
54
108
111
91
142
96
124
139
128
51
132
162
9
36
22
94
85
33
5
98
14
60
141
102
21
100
164
106
165
160
95
27
41
62
23
39
99
158
163
17
82
46
89
166
120
86
61
117
63
157
84
67
32
13
4
2
148
66
70
83
56
136
129
118
170
25
147
43
127
133
7
26
64
125
167
119
35
40
112
115
109
1
65
87
103
114
156
45
155
69
81
161
30
152
16
90
153
72
116
135
58
105
59
48
88
57
123
146
140
6
130
113
76
138
49
71
74
20
42
19
168
104
37
3
134
101
159
31
151
55
29
15
110
154
47
92
52
79
73
145
10
12
99
70
34
17
165
22
66
127
23
132
147
117
45
166
59
141
143
82
71
54
105
38
108
51
160
101
88
139
57
5
94
72
32
63
39
3
42
157
83
37
16
92
164
107
29
115
79
26
43
154
12
153
75
81
122
96
30
135
41
121
33
148
112
87
114
6
169
56
129
131
125
119
98
149
124
113
109
20
97
35
9
69
130
151
89
48
150
52
8
138
36
133
140
28
103
142
15
128
74
152
40
102
27
19
2
73
7
55
116
118
91
104
145
49
13
155
126
21
86
50
46
64
10
53
61
146
137
68
84
65
170
163
162
11
31
123
4
158
134
106
62
60
25
156
44
67
85
18
14
100
120
47
24
161
95
58
159
144
77
93
167
76
110
90
78
136
80
111
168
1
131
164
26
165
122
28
170
33
7
12
57
66
130
80
50
106
108
101
134
155
49
142
160
81
107
77
18
83
91
128
127
43
143
73
54
46
113
78
146
22
69
139
75
16
90
31
109
20
68
53
157
45
15
97
153
1
44
4
123
167
23
100
105
110
99
121
115
19
63
145
59
147
102
166
148
2
154
40
6
56
161
168
93
5
14
98
120
88
8
159
124
65
17
85
144
74
84
149
133
71
27
138
29
38
82
114
25
169
32
24
104
156
150
141
55
86
42
52
79
94
103
140
116
41
30
136
70
47
89
137
62
13
39
162
64
126
95
36
21
92
9
76
151
34
119
129
51
111
48
87
125
112
3
37
158
135
72
60
163
118
11
96
67
132
35
61
58
10
117
152
162
17
12
119
57
111
28
32
110
125
35
118
108
48
100
140
164
3
120
83
73
80
30
93
22
87
85
131
64
167
117
14
36
114
126
56
95
46
143
21
97
81
24
62
91
151
55
148
170
75
129
78
19
144
123
141
138
157
23
101
154
116
79
88
86
96
103
169
156
53
149
5
147
94
18
43
58
158
66
47
40
135
112
127
26
109
11
76
13
115
145
61
72
9
90
84
31
16
128
159
15
136
122
34
25
160
166
146
105
137
113
150
39
99
153
124
130
106
7
8
1
2
77
161
10
92
71
49
121
104
163
68
89
132
44
70
65
41
45
107
67
168
60
82
54
134
37
42
69
50
155
165
4
152
142
59
52
98
102
63
20
74
38
133
27
33
6
29
51
139
142
116
151
17
156
105
87
90
121
80
158
86
169
96
3
134
128
83
139
73
85
74
65
89
159
153
82
100
92
78
81
26
45
55
170
111
23
114
35
18
9
104
47
16
66
69
51
131
146
141
50
12
133
43
149
126
138
115
135
15
88
25
167
117
71
112
144
150
40
76
101
119
42
157
27
79
7
24
107
137
62
28
118
14
166
13
75
5
11
84
147
59
162
8
110
97
63
6
58
154
67
127
161
46
70
148
34
103
41
10
32
68
36
120
49
2
109
19
108
98
129
155
125
44
132
163
1
52
168
160
22
20
61
164
77
93
60
38
99
143
48
91
145
140
130
123
54
4
124
53
37
136
57
39
106
102
122
30
72
94
64
165
113
21
56
31
29
33
95
152
